385.7242752313614
445.4833598136902
413.42756724357605
378.48796486854553
312.4141683578491
270.4988933801651
237.45570862293243
192.17698752880096
162.01541072130203
121.09964919090271
95.25507897138596
91.4092213511467
85.17273634672165
80.13466972112656
79.80700647830963
76.82836046814919
71.68190255761147
65.63803061842918
59.942297011613846
54.921166479587555
56.55756393074989
53.661796897649765
53.22700157761574
53.21695891022682
51.47082215547562
49.13138756155968
49.757664263248444
49.77120238542557
49.24974566698074
48.81570848822594
47.89781314134598
48.028608083724976
47.71303153038025
47.66171479225159
49.57628986239433
48.8876169025898
47.921069979667664
47.41797533631325
47.04254204034805
47.22566783428192
46.94832944869995
46.88050106167793
46.88331240415573
46.95299807190895
47.00113806128502
47.00704628229141
48.1902397274971
47.89288029074669
47.41038063168526
47.10613217949867
46.85153564810753
46.84959828853607
47.131179720163345
47.11364436149597
46.83042424917221
46.60898599028587
46.796359837055206
46.5838820040226
46.65128043293953
46.74142262339592
46.37216264009476
46.377138048410416
46.761584639549255
46.58798608183861
46.47305852174759
46.356940537691116
46.283101320266724
46.21045055985451
46.22357577085495
46.27847656607628
46.28292801976204
46.28968235850334
46.434402376413345
46.825153797864914
46.662472158670425
46.708408534526825
46.851274847984314
46.91914477944374
47.0619235932827
47.28732806444168
47.04542753100395
46.96907377243042
47.211296051740646
47.305671870708466
47.391202211380005
48.397270649671555
49.431414783000946
50.24898153543472
56.4414698779583
64.63546541333199
82.20244854688644
106.27001488208771
136.26365250349045
137.31500226259232
129.50689178705215
141.75157046318054
148.81670957803726
162.83109384775162
170.92842745780945
163.34868717193604
166.77644050121307
179.8833874464035
174.70891845226288
172.07889878749847
178.25821697711945
183.077512383461
187.32973623275757
185.96388244628906
187.98755133152008
190.34842824935913
185.35719752311707
190.63185691833496
192.53389859199524
189.14113318920135
193.70171916484833
195.07841038703918
196.05579924583435
198.05913949012756
197.6192353963852
198.47020208835602
