53.87563833594322
50.076652735471725
55.85912388563156
63.86253374814987
81.85963729023933
98.65952390432358
115.024558365345
152.2368649840355
161.69396525621414
225.3990602493286
257.1820080280304
251.7257375717163
269.0581271648407
283.0647555589676
290.53141129016876
297.18858766555786
317.6228368282318
348.5568561553955
385.83855724334717
426.9006588459015
405.46721744537354
446.6891496181488
450.3195343017578
453.52820086479187
493.1098642349243
568.342691898346
535.0687613487244
536.6883990764618
560.9027183055878
577.3641405105591
625.6970710754395
612.2946014404297
634.4917683601379
643.2151460647583
553.5822265148163
578.6507828235626
650.8123245239258
683.225209236145
736.0387229919434
688.4267563819885
732.9503917694092
735.2446231842041
724.3679103851318
703.777018070221
702.5858469009399
693.9207253456116
617.4651668071747
637.8424129486084
700.6001048088074
716.2668943405151
759.9405999183655
742.1893510818481
718.3865060806274
711.3284449577332
755.732138633728
803.187451839447
757.7133841514587
807.4195895195007
775.1428213119507
765.3806619644165
896.4171214103699
877.9848003387451
768.6097769737244
802.4100160598755
834.6647176742554
870.9144611358643
899.1122450828552
935.0458626747131
893.0208954811096
867.844343662262
875.8727750778198
880.6557884216309
833.8261632919312
759.4686822891235
802.6164875030518
799.2785654067993
758.351523399353
756.978265285492
745.6368036270142
725.0085787773132
756.9411969184875
752.9619607925415
724.3177208900452
724.4562621116638
705.7537808418274
666.0297870635986
628.6946892738342
609.6958627700806
528.843419790268
423.6748855113983
342.1711496114731
261.79600524902344
199.06762516498566
190.9982990026474
202.94961941242218
193.96382772922516
177.45789694786072
164.60442012548447
149.52398025989532
155.0115756392479
160.93654292821884
141.44792503118515
137.13602775335312
137.83728355169296
136.4488850235939
130.30378895998
127.69773072004318
125.35233551263809
122.60598212480545
121.04175275564194
122.69024193286896
120.7787578701973
118.41548198461533
119.44079583883286
117.25098437070847
115.93100553750992
116.53832352161407
115.41024696826935
114.24812424182892
113.2297152876854
