0.5602323633173237
0.43404390846473584
0.35754449730334076
0.32367956012055493
0.31305757380913996
0.30899972349837207
0.29758140250392584
0.30188491508580634
0.30469326847705286
0.3444570618263189
0.47450321351272473
0.5423060685828112
0.5271701393783956
0.5405223805835282
0.5311543716900591
0.5285584391027257
0.5043429520683013
0.4554660609666852
0.4617226132448169
0.4581027087094127
0.4393354956654535
0.4200832791950392
0.3944271889285765
0.38753027890039526
0.39847701874332153
0.41579310358434485
0.3940212385378022
0.4321861331877501
0.3972573427186496
0.405028839474139
0.4083499087803606
0.4105196245338606
0.3896042868710946
0.38820426489995874
0.36107086487438367
0.3060288522122563
0.3282215485106344
0.32904922638250433
0.3359027466048365
0.3573921413525291
0.3212368557418602
0.3595719851445461
0.3595977395341016
0.3643244012542393
0.3402026490024898
0.38484630118245666
0.35604792487794074
0.33454827985901764
0.37071261069049005
0.3573388938886532
0.3660527480685193
0.3456887568252674
0.3363963024339814
0.324256201369175
0.2875045496916425
0.2673651478860689
0.2301327525705531
0.2437375768803168
0.2345293665277785
0.23509438983772113
0.24045280464317487
0.25193952671859576
0.22945065191690472
0.22924386310404626
0.23014406665511752
0.25872717646585
0.27125951582970825
0.2954363714957583
0.28283657803051715
0.29669849790524744
0.2976434202729792
0.2827968502390212
0.2914259911015414
0.2688039893257445
0.32894336961317755
0.31157927020736365
0.28441313513811084
0.3018449408852536
0.2684264712143635
0.2771896223227183
0.2969760829987733
0.311115224076354
0.3420865311138872
0.3116413579470869
0.29577134808768396
0.3111781106478926
0.33106643328632135
0.3154284558866335
0.3206954609224762
0.34295980178791546
0.33010770769222925
0.3045240238956783
0.32221784453461133
0.3422019701936971
0.30888619522253674
0.32333072134550067
0.3055911757375883
0.3100719438946765
0.3023971157229465
0.3168087986068449
0.3146993513556494
0.2994744972042415
0.2958770120057507
0.31414349679497705
0.2848247738852017
0.3046759667171948
0.2716091286013092
0.3034397054841553
0.2840186901714491
0.2934939993032511
0.3028388956318731
0.2934049480203269
0.29279745683289954
0.2598966057749762
0.287513525157735
0.2861233584690785
0.2858005576375602
0.2889170655305835
0.27914472593777423
0.29226304590702057
0.27522584364034125
0.29049240463021875
0.2811938120403152
0.2819512361201687
0.2511245198007943
0.26716782066269196
0.27902775419794995
0.28665231578591943
0.2725218767705171
0.2703063796827759
0.28017755327881244
0.28027135392893915
0.2762736591739931
0.2725432752699092
0.26429462713607843
0.25704000955042633
0.27619854155657947
0.27102720435114874
0.26604891514432605
0.25190909293250763
0.2713719476824221
0.28815174081187317
0.25958020423633466
0.266631253387617
0.2633078154446422
0.26844112661437713
0.27183652140092157
0.24601580461730127
0.25738636069539667
0.2646301626295283
0.2575826601705689
0.25915497951749444
0.26787609682566876
0.26191380771173944
0.2588508960561476
0.2569420834382375
0.2600270676008169
0.2713858910660813
0.2634303796550502
0.2569634434969529
0.26042858910733374
0.25054260721241217
0.24346241786860037
0.2660636776599331
0.25518154493276624
0.2554542338070662
0.25336356461048126
0.23725116080132083
0.2449218602716059
0.25490881005922955
0.25140186863532965
0.23691435892512833
0.25336951600468677
0.24431683468645898
0.25359019788279047
0.25921599761299463
0.25123429255209107
0.2399363966955655
0.2471767901510432
0.24513026488863904
0.2529819491116897
0.2580712627673495
0.25236305702423706
0.24900633550208548
0.25722914135110553
0.2567402253980222
0.2524742920329605
0.24123141839020495
0.2546594032774801
0.25962510381055914
0.2517735668714496
0.24772747962371164
0.2617656448181125
0.249938673083333
0.2605115509983422
0.25552395374878595
0.24079838546289914
0.23216077210246652
0.2583894820316978
0.24508607063604437
0.2542083287152691
0.23946093238782193
0.23755270782588184
0.26167634475058404
0.23671835423379706
0.24045065239719723
0.2514155299767204
0.25383079915806867
0.23832467457522516
0.24700321991374527
0.24040699760982956
0.23280911233977994
0.2603141773438108
0.2446007560128751
0.23992514523906985
0.2312261933001919
0.25069614035495813
0.24465200607327448
0.23522595758887305
0.2370876512233762
0.23458795314249786
0.23751555750335474
0.22965871315935385
0.24715036261772763
0.2455553662949714
0.2372473696435707
0.24412352429783862
0.2371612890906956
0.23169258172097412
0.2540551968242811
0.24344935516516367
0.2339514826518902
0.24425285514714062
0.23265116111091946
0.22474761587986047
0.2342359624479128
0.2312498382036237
0.2426654776369316
0.23958983650242072
0.2471909123486367
0.2288245351418205
0.25182651717593707
0.24374377900275632
0.23452949264775153
0.23628185063168622
0.24927447628283847
0.2430067738329155
0.2385748521141384
0.2434802873842958
0.22680896196676337
0.23258391065873962
0.22366778336573337
0.22674420648726865
0.24365641068721164
0.22857582806677057
0.24716145426466846
0.22476231425568677
0.25428955516089563
0.241873346593069
0.23023965198924576
0.23331601701784824
0.2248959580193395
0.22793014865854513
0.23501115367896314
0.22781269403471463
0.2222675361495087
0.22781191766262054
0.22479511408702188
0.22271229261937348
0.2288748969634374
0.23711447979229083
0.2215201047019682
0.23991822310979816
0.2449468745701555
0.22441168777320697
0.23138909689758136
0.2281169686196507
0.23583109028961347
0.22411162352216416
0.22087447949941608
0.23847587233868198
0.21896805149921472
0.23119681749654852
0.22972524857175522
0.22366325816382532
0.24386188366274902
0.2208453000023745
0.22136478557966757
0.23497121144032132
0.23083988393562427
0.22347429653872614
0.2204093449357627
0.23794864096503326
0.23105636930120163
0.22672395624112393
0.22196954272795413
0.22393487458643707
0.2259941960590473
0.24989967350510583
0.23055958467117255
0.22299418933149698
0.21744891396467236
0.22650812631068024
0.2638369682042495
0.23152432407158008
0.21989828693693964
0.22823285495025525
0.2211043929708177
0.2188847203185593
0.22137430590995844
0.22628620137339053
0.22993453408496967
0.22152903049752332
0.22126077050748078
0.21681443828603494
0.22605547848818958
0.2387282336535661
0.22889351348082224
0.22599630360154138
0.22858852169651916
0.22846821727960007
0.21555563829083374
0.2252246324998745
0.2221697152092837
0.22173324572867242
0.30172131350938824
0.2204160286464553
0.2234465792991113
0.21730237961679266
0.22901759955330173
0.22643687608449356
0.24747607997362164
0.248996386061544
0.22787016284638556
0.2249079214921896
0.2188784328923709
0.2224472437215888
0.22006622259167657
0.2461870286775672
0.22535040866637576
0.22318748654662698
0.22645256506360095
0.2199183436839477
0.22309597354868185
0.2173217427039492
0.2238207750994226
0.21430786472299826
0.22515406664730847
0.2130896272002787
0.2173349038846251
0.21105119456415591
0.23150289317835931
0.22178629386252252
0.22602412925250287
0.21658681073914404
0.2283622203529745
0.22121927055759708
0.24096431140450464
0.224864283333654
0.21518591802189316
0.23970774463985278
0.21019527164922244
0.23060082611830338
0.22147052292374597
0.22924039070157037
0.21998576819896698
0.2199794807727786
0.2184160710244939
0.21495432547037152
0.22279779418655063
0.2163554693477741
0.2228224344443584
0.21578206294688626
0.23979502030904742
0.22511842890062195
0.22035130491291266
0.2600360905778581
0.23259852524252905
0.21789730459019757
0.2310764834932659
0.21459800328897394
0.2214906993119613
0.2180747076653052
0.2141771554083064
0.2157081402298333
0.2093733974556992
0.22119454154069873
0.2343648307133412
0.2963727945866792
0.22923279456470325
0.22703193646410239
0.2200887909402018
0.21224108964636706
0.21720199762047201
0.2079415453085001
0.20917447084102078
0.22440552236377329
0.2153349574925243
0.21696130197117294
0.21088748457639114
0.21617067529671435
0.21843566950680554
0.22136392411978348
0.2155654683061268
0.2130636488613875
0.2161494128514027
0.21283700738264166
0.20448389563007632
0.21398194695728412
0.22158665739107822
0.21313623544098675
0.2250122332918471
0.21944115472876508
0.22045952340830927
0.21605102804259976
0.23791329843410547
0.2128676433062208
0.2214883637169133
0.21686813256878784
0.22166076583274896
0.2178630146427431
0.21732933927273404
0.21209514896938766
0.20735292093477387
0.23040182737336642
0.20880884040093076
0.21415536386379297
0.21836235708948495
0.2124108691578326
0.21245416912479678
0.2791489161874937
0.2270359701436499
0.2263801944428596
0.20997036604777627
0.21346035297366156
0.2136872795180998
0.2140008848214495
0.20839726298615552
0.2155093816311463
0.20965472490027331
0.2253513411767241
0.2184175077987754
0.24265278983807217
0.25066137184267456
0.2180533933898677
0.2101475527321083
0.21850448242132214
0.20746336078298264
0.20417244883551114
0.2137065607568492
0.20626695151778235
0.2225274432828461
0.20904294757739358
0.21240398633307306
0.21219085588835288
0.20924135286738907
0.20759640785231107
0.21699192472126172
0.21522803280664526
0.2087268112362295
0.2109552291424378
0.20874319452306497
0.23275424302488135
0.21354680886303168
0.2142896071292352
0.21130600312481757
0.2171461135149002
0.2174387148756912
0.211281043463859
0.24362374669399814
0.20858590758365134
0.21449394156967383
0.21246034014916074
0.21708555951498557
0.21485135952631632
0.20872639141220978
0.22633161924887393
0.2677863268316656
0.21223584119824396
0.22486050081425818
0.2147710832996645
0.2070956061715665
0.22440249440462692
0.20786231151525525
0.22096046999744748
0.21944307093171106
0.20887395134870557
0.20499293938063193
0.21114048836887747
0.21570317447185516
0.21489130176495816
0.20336618544398874
0.20090700556402621
0.21019083628619928
0.21333990861540256
0.24888010970924213
0.21595003725825876
0.20316598726355511
0.20902255069518436
0.1988483151231987
0.21934490057005399
0.22346829806548962
0.21729952572048575
0.2142869659524033
0.20714016193928925
0.21387282899324445
0.20621161141257355
0.20470276431760925
0.2155016986788183
0.21120956129785898
0.20397629772407422
0.23415854983571646
0.21358238506144372
0.21623423717160156
0.20795445662477743
0.2216142448394195
0.3120658240024594
0.21235466759273972
0.22255230187505914
0.20529219788917596
0.20789253733296326
0.20518207658028256
0.20933016033276267
0.20787824927896692
0.20524607361226843
0.20543905077637106
0.2011937481769617
0.2143463341222293
0.20075291956680408
0.2111847571272781
0.22949760914712714
0.20989674459333005
0.20440570427023846
0.21156305571397147
0.208194838485856
0.2712493163088094
0.21911824051884637
0.21145572113818017
0.20356998322666556
0.21398014197314996
0.21172084432581198
0.2054288510395133
0.20376202312932498
0.2092746565307396
0.21472908707632535
0.2077690721422002
0.206040079826894
0.2095418933077135
0.20982478796571924
0.21263219459333282
0.21466281059859454
0.20440351034420123
0.20669329468754755
0.2040079413116842
0.20601062757381494
0.23616928963557535
0.2060954579408618
0.2053310581739398
0.20893914695235266
0.20766712660374848
0.20858604644519696
0.20579377011112546
0.2062835842370987
0.20281547264776367
0.24872658650080362
0.21157491962978806
0.2128011683622996
0.20329927469509235
0.20797688244045645
0.20453425766765207
0.2015681230071662
0.21994259823923526
0.2132156763387763
0.22901866034321164
0.213937495065772
0.2172028381323469
0.21264054464257282
0.20907578347385794
0.20678397818751956
0.20258200362972592
0.20930128123449243
0.255955021450485
0.2470543369434882
0.2088710084773492
0.20886375053205353
0.20546361393686655
0.20900369899860327
0.2196857551301735
0.21402595570121985
0.20764700722867163
0.2046352627052777
0.20351252154163693
0.19893072523932526
0.20900045032950415
0.20743070974730063
0.2135051989900893
0.20194926015708758
0.21323333097540814
0.25553693287614465
0.21826067545275757
