0.8529545915299568
1.1958459218343098
1.5121467942776887
1.8148281315098638
1.9489737870036692
2.2175061357194097
2.349561601445295
2.509371156277864
2.4206061121346294
2.079605945642444
1.633309751317121
1.3870721899944802
1.3761869893557783
1.3515885636426401
1.3241972577744636
1.2686415306036023
1.2757104566131814
1.348141530285711
1.2902549280636553
1.302151460578476
1.3625825833583223
1.4136374445929043
1.4671613427175991
1.4524811696315156
1.4898870578710584
1.4241447345070217
1.504843831062317
1.3989840486775273
1.4672039436257405
1.4781847829404084
1.5519027727237646
1.4911667333132979
1.5494358487751172
1.5626777514167454
1.7379151530887769
2.027222674825917
1.907446505366892
1.8211864388507346
1.7329865849536399
1.6962205845376719
1.958354253699814
1.6899198898370715
1.6183504056239473
1.7144967231197634
1.714901153592096
1.5616981862247854
1.65891112451968
1.7584480755571006
1.5537303703418677
1.6640891769657964
1.5779591971549436
1.7105716726054316
1.7121300645496533
1.8212910009467083
2.2176975962044536
2.5251907956772954
3.060547697371331
2.9049726119939834
3.1382500710694687
3.452334493830584
3.296329515567724
2.81579637873
3.2410192766051362
2.9732957508253013
2.84270707766215
2.5094140543453936
2.2505168120066323
2.087368158326633
2.140585235927416
2.2615052858988443
2.0232047706410503
2.0060385482898657
2.0283716554227085
2.442563533782959
1.8464306817538496
1.9545320220615552
2.231238251147063
2.1583046619442925
2.2564251630202583
2.096259597418965
2.0680721324423086
1.9472620348999465
1.8647930293843367
1.8972209778384885
1.937529772951983
1.9078216950098674
1.7872617693914883
1.8873688725457676
1.823173091031503
1.796239355336065
1.8059143121691719
2.0052760545758233
1.9072643259297246
1.8633258239082668
1.9227634996607683
1.8103609879811604
1.983954868454864
2.012877688891646
1.9952732030896172
1.8838110039199607
1.9485777530117312
2.0267250520595606
2.0089273383651953
2.0153811323469966
2.1011268712472226
2.005235545877097
2.240760948347009
2.050351619720459
2.159134094265924
2.115767351095227
2.1435695696568144
2.1034866554149683
2.113314151763916
2.3759353022644487
2.151110396868941
2.200933117797409
2.2161202430725098
2.1140081433282383
2.2868036014446314
2.237093509107396
2.350064163622649
2.134763693463975
2.192996871644172
2.3112817778103594
2.5185111916583516
2.3548944480177285
2.3512357939844546
2.299063261004462
2.3670676203741543
2.3709082154260166
2.2963998352271924
2.2640733166017393
2.3272273264069487
2.4575583209162173
2.2889796132626743
2.53747984982919
2.3439233752264492
2.3334118905274766
2.430993221808171
2.5380706545235454
2.4395035798998848
2.2576303205628325
2.5007346574810967
2.565697860026705
2.549455860386724
2.509223036144091
2.439790293790292
2.6123005721880044
2.600913725037506
2.4903431146041206
2.59474952324577
2.5853966889174087
2.6613879480223726
2.4885001942731333
2.5872567149176113
2.5629789241846055
2.622144823488982
2.6217411186384116
2.5773866383925728
2.64749949220298
2.569812325463779
2.717162609100342
2.8977040484331655
2.612237657325855
2.5603991729625757
2.636830640875775
2.6596558646879336
2.709919490675995
2.818608525870503
2.5771013239155645
2.735295914221501
2.772207204846368
2.676105817159017
2.734310530234074
2.712023251298545
2.72262892515763
2.7399324506953144
2.686161176018093
2.6592173887335737
2.7726307951885723
2.6729958679365073
2.5780929240627564
2.7351526592088784
2.7210795879364014
2.7888349588366523
2.5881594263988994
2.5784935536591904
2.775625605514084
2.6493476508320244
2.6426412368166274
2.802214567212091
2.814322032790253
2.58769889154296
2.7494997805443364
2.734824108040851
2.750994944917983
2.8602225123972134
3.028810628946277
2.7604051742000855
2.761676634567371
2.763945192530535
2.8817214412965635
3.00604936696481
2.784500733665798
2.8106704518414927
2.9839797538259756
2.7196620754573657
2.68497101465861
2.973267638165018
2.778691775556924
2.923486854719079
3.0167743019435718
2.702456588330476
2.9339058088219683
2.787573938784392
2.924633654995241
2.842464512672977
2.9814027426899345
2.961538425390271
3.003509037736533
2.840727927028269
3.1281318008035854
2.910708683124487
3.1530348252559053
2.8291753202244854
2.9030886802120484
2.792229490003724
2.872235996135767
2.9418666811956875
2.9950673960257266
2.9903569325156836
2.881719381912895
3.1156751107478486
2.906426343364992
2.9959268397179204
3.024435603100321
3.0487716785375625
2.9856083116669585
2.8594177874965943
3.1386270626731543
3.081693638925967
2.8998127778371177
2.9347023946651514
2.9500872535981992
2.8746989326200625
3.1095422523609106
2.8061138236004375
2.953656251879706
2.99832822965539
3.0706913678542427
2.974266957545626
3.1465332438980322
3.161788114603015
2.8830968988114507
2.9770775601483774
2.8632643240085547
3.11122737414595
2.911302849866342
3.0704135065493374
3.1055140357086626
2.891936022302379
3.029966302539991
3.068263592927352
3.032285213470459
2.9320115835770317
3.075632665468299
3.009934079819831
3.077403379523236
3.2446460412896196
3.2065536492112754
2.8696407304293867
3.071365473926931
3.1481859269349473
3.1650989781255308
3.1032990718233413
3.1128147132154824
3.0155259111653203
3.1193153892738232
3.0675122357796933
3.0663991665494614
3.0645825068155923
3.2480192529982417
3.229709836019986
3.1127530871957974
3.3040452210799507
3.039205727369889
3.085694772609766
3.4025108226831406
3.029352443805639
2.9727682583573936
2.9953484016916025
3.2667324577552685
3.279694270396578
2.9578318423119145
3.1206035544906836
3.2589566051096157
3.0926507279492808
3.0367918049079785
3.2098945120106572
3.1004841362220654
3.4146862686544224
3.3387955237126006
3.14694835483164
3.1380591427070508
2.884158680404442
3.2271630660347315
3.0748824831368267
3.059209222378938
3.282938155575075
3.168022895204848
3.2419206681458848
3.025884455528812
3.214945409608924
3.240033419235893
3.4364204614058784
3.174765839092973
3.3135608140973076
3.0636856003084043
3.1992183284483096
3.1258279586183852
3.364699823268946
3.3447589701500493
3.3049769125122954
3.1336117931034253
3.2688743169756904
3.161229057588439
3.145596690799879
3.2679874033167744
3.2364565600519595
3.1086226546246074
3.1714242575825127
3.341663248297097
2.9757088958353237
3.112538752348527
3.1434922736624014
3.1233443453692007
3.217283601346223
3.1910617835279824
3.2904379713362544
3.039520844169285
3.128823681154113
3.015974545824355
3.2587867094122847
3.2655148333397466
3.12183409842892
3.2511709012847017
3.358521312907122
3.2581565898397695
3.4253447470457656
3.1532627188641094
3.521647463674131
3.0820820953534995
3.259309278018233
3.3708366069240845
3.239363355913024
3.438975641692894
3.1381034747413965
3.4070505957672563
3.0182115858879643
3.2683462025462715
2.9917914971061377
3.270025070162787
3.1946817049081773
3.162562532701354
3.4221768862959268
3.2892301704572593
3.310025688530742
3.3292776363483374
3.403787716575291
3.175590370012366
3.4499434180881665
3.22189430222995
3.432675738265549
3.2482485080110854
3.275659602621327
3.2680592571479687
3.029838525730631
3.011714548304461
3.291013835132986
3.059995665066484
3.2812835306361103
3.1597293598064478
3.3409533880758975
3.246773170388263
3.2174435283826743
3.4919458748637764
3.3535389796547266
3.55087013002755
2.8282689935919167
3.038539841555167
3.2476747761601987
3.2659555863643037
3.2766409542249595
3.131073730579321
3.2916172552799834
3.4649928479954815
3.1618338391400767
3.198968251546224
3.3239791082299273
3.3818918967592544
3.39457280739494
3.4596599841463394
3.5449845065241274
3.317233165105184
3.4651692431905996
3.1288220605988433
3.3091695999753648
3.488323135652404
3.4719474661177485
3.456129170846248
3.3374583271966465
3.398638735646787
3.3157862096593
3.640821429266446
3.3337037286896636
3.455839575200841
3.337666331857875
3.323729321576547
3.297342680502629
3.307287043419437
3.074829212133435
3.3034981782885566
3.4732658344766367
3.2324702877929243
3.148868923601897
3.196798348772353
3.2752731295599453
3.2865288534026216
3.380071868067202
3.3811855488929194
3.502770137095797
3.1602181351703145
3.2453820774520654
3.2984519143035445
3.273101620052172
3.146440347035726
3.3293188412984214
3.3583960394928423
3.139337812644848
3.460734325906505
3.4845128197600874
3.3496916881505996
3.3212296098902607
3.0802215216816338
3.286192904347959
3.4874820087267007
3.0980404459911846
3.303901541060296
3.435488303502401
3.2438308605249375
3.3482082892155303
3.4346521695454917
3.3502933115198994
3.372421551441801
3.3684535717618638
3.333226763683817
3.5589387520499853
3.3525815424711807
3.19433207442795
3.540539720784063
3.4659471650054487
3.703717912452808
3.4514130302097485
3.369162248528522
3.2841836645983267
3.4355977410855503
3.417743572290393
3.4165096524832905
3.188973613407301
3.2395852700523706
3.258670824161474
3.2375834644704624
3.601491133371989
3.488433675489564
3.2643891624782397
3.4779033038927163
3.1323573278344194
3.340299875839897
3.2884149136750596
3.157466732937357
3.411154836848162
3.4971576669941777
3.275796862616055
3.306567503058392
3.3077119744342305
3.1450455637945645
3.3654119000918623
3.668712989143703
3.3144418674966563
3.29860782623291
3.3398992496988047
3.5019767249839893
3.48162919887598
3.3517414106838945
3.519446988036667
3.2101003665854964
3.2800716662752456
3.366440213244894
3.410457676735477
3.6911026463992354
3.200006685395172
3.279254678366841
3.6014779063238613
3.3992450410041255
3.412655502125837
3.3020271529322085
3.3812773193138232
3.5808023300723755
3.4720812776814336
3.3790181477864585
3.556360984194106
3.3364167075226274
3.3225473942963974
3.355436566947163
3.493475157281627
3.333431779474452
3.10289528404457
3.095192173252935
3.2444612703461577
3.5950970165971396
3.394333645917367
3.341284662053205
3.474774326103321
3.262808084487915
3.505354176396909
3.508006002592004
3.751634411189867
3.480037084524182
3.431619153506514
3.5006616495657656
3.3004562612892925
3.2370141485463018
3.4435916361601455
3.414137598397075
3.193605547365935
3.200424871582916
3.0986236696657925
3.2600843733635503
3.430983342986176
3.322536095328953
3.345695060232411
3.4994806552278823
3.5738878388335737
3.5014994420867036
3.3374743461608887
3.429580408593883
3.604364733765091
3.3868130739184394
3.676442832186602
3.4642518706943677
3.35130536729011
3.565008370772652
3.6378098916316377
3.815187613169352
3.2405772416487983
3.765513668889585
3.610180882440097
3.4441212847612905
3.3445971461309902
3.6286881177321724
3.3329482354979585
3.591145978457686
3.407607797263325
3.8249891910000122
3.1969320566757866
3.2215380046678628
3.3095066685607466
3.54677503005318
3.4756756001624507
3.7992430147917373
3.5122368232063623
3.2717105202052905
3.474608597548112
3.252762953440348
3.738234810207201
3.359285693237747
3.3576279861339624
3.388624564461086
3.334170078885728
3.41887777093528
3.8653873567995816
3.4350091262140134
3.336010103640349
3.3580956044404404
3.3954962854800015
3.4400608574134717
3.38712147353352
3.1626471021901006
3.3310887813568115
3.3827489631763403
3.3953826462013135
3.3374977250030073
3.606522532476895
3.5633181800013003
3.424742474072221
3.6394987279090327
3.4341530177904214
3.6709862999294116
3.063716641370801
3.2209770230279453
