261751.91785714286
256383.3924107143
253629.8263392857
254803.378125
252409.37745535714
252525.40714285715
253897.72544642858
250852.44107142856
246365.42254464285
245569.3488839286
244372.51071428572
243422.75758928573
243438.96785714285
243743.84330357143
243501.81138392858
244532.06674107144
244115.33459821428
243722.60625
244308.1544642857
242878.09799107144
242523.3732142857
242677.5642857143
243949.10915178573
244515.8625
242449.81004464286
244400.22767857142
241199.82232142857
242665.85111607143
242498.61941964287
242489.85959821427
241419.3854910714
242194.4747767857
241750.609375
243114.50424107144
242538.7004464286
242687.81138392858
242656.37991071428
242389.85446428572
242405.32901785715
241985.77254464285
242601.26986607144
243287.9738839286
241900.1033482143
243487.840625
242112.4484375
243588.33013392857
244193.46473214286
241658.0435267857
242233.03772321428
241439.2845982143
240958.796875
241907.2640625
240840.19598214285
241829.1658482143
243334.99285714285
242101.6042410714
241572.90714285715
241409.71763392858
241829.3767857143
242397.42477678572
243084.99754464286
241157.53191964285
240883.42745535713
242133.47946428572
241862.63571428572
241737.384375
240538.14263392857
242136.546875
242026.1613839286
241707.46004464285
242598.04263392856
241408.55446428573
242083.88236607143
241066.14486607144
241853.6372767857
241186.8734375
241419.21763392858
240302.7863839286
241464.65825892857
241027.07901785715
241692.99977678573
242673.86495535713
242185.0279017857
241564.46004464285
243081.4984375
242179.6613839286
241022.38258928573
242831.76160714286
240777.90535714285
241020.19888392856
241840.5997767857
242091.29441964286
241238.88995535715
241632.88169642858
241147.28950892857
240237.03214285715
240822.353125
240830.8654017857
241974.8645089286
241722.33504464285
241206.04017857142
240673.03258928572
240418.70691964286
241046.6125
241040.36361607144
240077.68102678572
240105.91272321428
240844.06830357143
241399.92075892858
242225.109375
241536.68816964285
240368.73727678572
240115.9921875
240112.1546875
240659.61495535713
241557.70669642856
240821.175
242905.03482142856
240329.30245535713
241617.77745535714
241569.41183035713
241319.97790178572
241899.97254464286
240441.74866071428
240806.2325892857
241178.24575892856
241153.8796875
240603.24575892856
240916.85736607143
241816.0736607143
241141.68861607142
240370.1814732143
240804.99933035715
239933.63214285715
240765.04575892858
241159.68325892856
241278.8566964286
240327.50111607142
240313.80848214286
240635.40825892857
241179.371875
241579.81316964285
241721.82857142857
241325.99955357143
240540.48370535715
241420.63861607143
241209.434375
239670.0125
240693.11584821428
241077.53080357143
240109.4955357143
240089.63370535715
241906.84419642857
241697.26026785714
240306.61785714285
240882.36607142858
240523.54486607143
241161.04553571428
240681.6535714286
241824.65
239038.6189732143
241926.9921875
240712.34575892857
240285.61852678572
240889.40334821428
240553.6953125
241259.73861607144
239997.384375
240519.53683035713
240951.10959821427
240204.83727678572
242571.8
240244.89285714287
241555.24508928572
240141.5919642857
239560.95401785715
240090.61339285714
238737.92745535713
239819.73794642856
240293.34933035713
240998.74263392857
239866.946875
240142.9330357143
241897.96964285715
241286.99866071428
239483.31629464286
241207.1205357143
240737.9245535714
240780.4705357143
240829.46138392857
241688.96383928572
241397.0997767857
240554.93191964287
240351.64308035714
240064.1198660714
239341.47857142857
239670.15200892856
241632.20691964286
239513.1814732143
240367.0658482143
239965.590625
240767.71205357142
239708.771875
240074.46629464286
241025.83616071427
240111.61339285714
240610.21852678573
241016.92678571428
240434.30625
240503.14107142857
240472.61852678572
240605.9783482143
240470.66339285715
239664.11026785715
240398.69955357144
240533.30357142858
239719.29821428572
241370.29598214285
239976.07589285713
240260.3484375
239948.53705357143
241303.35892857143
239252.8578125
239679.99330357142
239767.1607142857
241152.5515625
240065.7546875
238657.78928571427
239614.69821428572
241046.50982142857
239914.5026785714
239715.5720982143
239663.75223214287
240970.84665178572
240244.053125
238660.90647321427
239947.2700892857
241185.9816964286
238655.76852678572
240144.99709821428
239076.6901785714
240353.75379464286
239051.43370535714
240459.61473214286
240830.78772321428
239678.24441964287
240963.70558035714
240364.07589285713
239345.16316964285
239231.63995535715
239232.8609375
239679.43325892856
239551.73839285714
240537.69151785714
240382.91808035714
239847.1921875
239430.328125
240985.73526785715
241588.2395089286
239862.3796875
240972.7234375
239641.9470982143
240077.56473214287
238806.92834821428
239145.44754464287
239649.41294642858
240778.02723214286
239910.72678571427
238953.60714285713
239389.8484375
239504.18950892857
239345.2986607143
238913.43191964287
239043.78147321427
240201.128125
239424.97165178572
240138.69151785714
239505.4017857143
241180.35513392856
239141.36428571428
239872.5435267857
239317.2169642857
240052.46183035715
239200.14263392857
241310.12522321427
240450.64308035714
239355.66316964285
239201.6613839286
241181.99754464286
240288.16808035714
240192.065625
239301.32075892857
238874.01986607144
239501.34575892857
239662.00870535715
240314.2546875
239996.04642857143
240107.59486607142
240551.98995535713
239516.80044642856
240284.7171875
239747.19821428572
240586.72790178572
238167.2828125
239256.58727678572
240513.6578125
239586.4245535714
239583.8488839286
239906.30401785715
240043.04575892858
239027.0129464286
238430.48482142857
240888.5625
240223.68459821428
240207.1265625
238929.12745535714
240489.22276785714
240818.51674107142
239286.80379464285
240584.88080357143
240528.05379464285
239931.85535714286
239403.46785714285
239912.32433035714
238850.77589285714
240850.72879464287
241419.61607142858
240401.575
239474.89352678572
239228.00223214287
239973.75625
239217.59598214287
239895.4877232143
240290.70558035714
239940.65245535714
240572.0111607143
239552.72901785714
240786.16808035714
239992.0390625
240767.953125
239491.90625
237703.17477678572
238619.9044642857
238694.96205357142
239153.24642857144
240578.2466517857
239885.3879464286
239423.34419642857
240193.88928571428
239516.16696428572
240154.4035714286
240421.17410714287
240284.06316964285
239846.99352678572
240085.15200892856
239371.4973214286
240278.71741071428
239131.84352678573
238906.73147321428
239006.33816964287
240132.00245535714
239003.80334821428
239363.30758928572
240535.83058035714
239241.7466517857
239052.42142857143
240236.81674107144
241211.5859375
239054.05267857143
239081.96183035715
238985.1685267857
239347.77901785713
241433.99107142858
239058.8176339286
238813.871875
238584.07767857143
239358.05357142858
240731.9158482143
240106.35178571427
239538.090625
239668.55401785715
239741.53482142856
239690.43258928572
240138.60245535715
239212.65491071428
239613.05424107143
237446.54263392856
238206.05
238602.25379464286
238812.2638392857
238972.6578125
239828.14084821427
237615.55714285714
239716.3950892857
238890.8265625
240126.2214285714
240754.17857142858
239095.23526785715
239717.9640625
238631.43370535714
239788.90513392858
239298.31361607142
239439.99151785715
238544.87700892857
239946.67723214286
238778.92745535713
239944.49308035715
240479.13683035714
238832.94598214285
239160.24196428573
238366.9078125
240066.29285714286
239388.31651785714
239804.6901785714
238367.22008928572
240031.1622767857
239326.25915178572
238742.84397321427
239067.23727678572
239148.77455357142
239044.3404017857
238891.97522321428
240323.00491071428
239104.89441964286
239272.0216517857
239395.8404017857
239943.8377232143
238875.1301339286
238989.73995535713
238908.07388392856
238702.22700892857
238918.56450892857
239347.72299107144
238935.61339285714
239025.83526785715
239667.9627232143
240617.98392857143
238744.87790178572
239785.97700892857
239566.11964285714
240390.98459821427
238594.52209821428
237799.62633928572
240388.49129464285
240408.4825892857
237953.7604910714
239111.42276785715
239441.58102678572
240445.74330357142
238760.39977678572
238597.01138392856
240363.56450892857
239106.84486607142
239305.0051339286
239712.81875
238306.15133928572
240250.08102678572
239905.5640625
239295.27544642857
240472.54776785715
239916.096875
238117.6625
239300.66473214285
240274.82767857143
238833.3078125
237631.61741071427
239119.98928571428
238915.8046875
239292.05691964287
239001.20736607144
238273.72098214287
238089.02879464286
239859.95
238532.0982142857
236855.21026785715
239475.07522321428
239070.1685267857
239229.23816964286
239403.3176339286
239112.55691964287
239446.6
238599.37209821428
239855.04933035714
238354.76651785715
239431.05870535714
239274.72254464286
239468.72790178572
239616.5890625
239925.11919642857
238528.55401785715
239056.93504464286
240006.66316964285
238533.87924107144
239264.65535714285
238467.86517857143
237762.309375
240705.02544642857
239784.75491071428
239741.40625
238949.03013392858
237757.01964285714
239129.8091517857
239422.13303571427
237193.8404017857
239661.96227678572
238829.7674107143
239833.91875
239051.72232142856
238484.88125
238772.528125
239578.79263392856
238523.7595982143
238988.6613839286
239179.4078125
238929.2935267857
238854.21964285715
239896.27455357142
239318.8560267857
238694.37410714285
239598.14308035714
239696.06205357143
238153.31272321427
239020.9296875
238934.709375
240392.5640625
239960.04665178573
239990.03660714286
238573.23861607144
238536.77566964287
238413.5174107143
238008.0564732143
238085.06808035713
238720.7377232143
238930.14821428573
239306.225
238531.44151785714
238327.18816964285
239165.68325892856
239053.56897321428
238199.58705357142
238642.76517857143
239608.67745535713
239730.0044642857
238785.87589285715
237323.0814732143
239567.36361607144
239901.69888392856
238889.21919642857
240420.17589285714
240099.075
239257.0671875
237907.25424107144
238701.77142857143
238929.4799107143
239025.32767857143
239535.1640625
238958.96941964285
238051.4642857143
239565.29776785715
240414.23727678572
238594.01584821427
238791.71495535714
239578.4191964286
239842.56607142856
237185.81026785713
238642.02254464285
239070.32254464287
239826.58705357142
237612.10714285713
239192.83236607144
237249.71763392858
239459.74910714285
238474.62098214286
239470.63058035713
239241.1060267857
240663.19107142856
237541.0765625
239205.26138392856
238112.9792410714
237352.2388392857
239595.79620535715
238219.43035714285
239120.45982142858
237487.38058035713
241105.1625
238515.11517857143
238722.89084821427
237823.63370535715
240092.3299107143
239191.93883928572
238723.3546875
239157.83392857143
237440.0720982143
238308.65915178572
240291.78883928573
239655.34575892857
237901.03794642858
238554.89888392857
238147.33705357142
239886.5122767857
