1.2514831030622442
0.35208299843237756
0.1955760084092617
1.0394695812558874
0.33149814296593055
0.19858463806040744
0.7962311098867274
0.27687713575172934
0.2011150464891119
0.5894400249136255
0.25594825654270803
0.20535156257609102
0.47280623248599946
0.24143239126560537
0.2009787547620053
0.4090416212665274
0.23537675259595223
0.20124303343448233
0.356494350953305
0.2249820959219273
0.1999323276129175
0.42368365301096694
0.2775214339031818
0.20067490993979128
0.6168091594380267
0.32010286325152887
0.21117073194460667
0.6032850423708875
0.34517799825110335
0.22719068191152939
0.5982420465889129
0.29784750645147995
0.2073411259879457
0.5826693106680474
0.27814894906700927
0.2129420112580695
0.5667014199685543
0.305728388752075
0.21554870832156628
0.5535468778553161
0.32117375644280555
0.22502506191426136
0.5287798427520914
0.2994037704898956
0.2208477161983226
0.5140205648668269
0.299535574114069
0.2310569352926092
0.5070911109288956
0.3133141166986303
