0.3463553898829095
0.36270490288734436
0.36270490288734436
0.40574793422475774
0.4386640787124634
0.4386640787124634
0.6157143926049801
0.8347848057746887
0.8347848057746887
0.9779959726840892
1.2038874626159668
1.2038874626159668
1.3195291995368106
1.2188979387283325
1.2188979387283325
1.53239007452701
1.4555622339248657
1.4555622339248657
1.7615406830260094
1.9655721187591553
1.9655721187591553
1.7158419461326395
0.8159036636352539
0.8159036636352539
1.168404722467382
0.8905233144760132
0.8905233144760132
1.1541323550838105
1.2646816968917847
1.2646816968917847
1.2002918491972254
1.436394453048706
1.436394453048706
1.2333637339637635
1.2492640018463135
1.2492640018463135
1.2098064146777416
1.104609489440918
1.104609489440918
1.2654960951272478
1.4025379419326782
1.4025379419326782
1.3052798160847197
1.3428547382354736
1.3428547382354736
1.3630875602681587
1.3482366800308228
1.3482366800308228
1.3699104792260108
1.939047932624817
